# N Mean
11.5205631514641289e+00
28.5185596596070401e-01
31.0176698677324085e+00
41.1120824259063613e+00
51.2366543554871596e+00
69.6265431421932490e-01
78.2594202178008813e-01
88.8578536711204103e-01
97.6884522992287685e-01
107.5815169366921831e-01
117.2851891747987851e-01
127.4169340554703644e-01
136.9189802191845895e-01
146.8106264396620098e-01
157.5943774607006342e-01
168.2125946219137835e-01
178.2631097523186803e-01
188.4439874262443360e-01
197.6968342280564295e-01
207.7224458310391964e-01
216.9018063699768484e-01
226.4647516767457236e-01
235.9278906170428902e-01
246.2694494507831744e-01
255.8066863798567492e-01
265.6613650509155478e-01
275.2255261010091814e-01
284.7983381710007494e-01
295.3214208389009565e-01
305.0289637162484990e-01
315.0405446232124806e-01
325.3571953237614101e-01
335.4487710708556047e-01
345.2555998196810361e-01
355.3661989114355946e-01
365.3762660445069266e-01
375.3608937084316532e-01
385.7246399454862706e-01
395.5464569605351044e-01
405.7363138098671629e-01
415.7379244334411383e-01
425.9131504014129121e-01
435.8223064074894793e-01
446.0705695245955249e-01
455.9023222547190524e-01
465.7864837365283495e-01
475.9661699463951179e-01
486.2079329520733706e-01
495.9198661221730442e-01
506.1710650449483950e-01
516.1633943677271130e-01
525.9022074651878864e-01
535.7109661050868454e-01
545.7884816922193771e-01
555.9869998082966036e-01
565.8884245984601502e-01
575.6434546866215385e-01
585.3840967000580742e-01
595.3560789952812993e-01
605.1316922645232144e-01
615.0008185983059128e-01
625.2285315878551775e-01
635.4164317563740505e-01
645.5744186602297330e-01
655.4578887190151304e-01
665.4690238932977042e-01
675.4061460634152214e-01
685.5149889461738566e-01
695.5129754965800648e-01
705.5775288869655237e-01
715.5827495086254431e-01
725.3826892418473460e-01
735.3518185385048889e-01
745.5221324999781352e-01
755.6874946514551983e-01
765.7656666993567363e-01
775.6716814447092723e-01
785.7548141114060058e-01
795.7984160150205311e-01
805.7337040697381403e-01
815.7942242874943983e-01
825.6623340521547927e-01
835.6327051578892706e-01
845.7609141094361582e-01
855.8681507999120885e-01
865.7988713009667558e-01
875.6962296208557950e-01
885.8224221528633358e-01
895.7627410652643563e-01
905.8164894673118794e-01
915.9580010950042284e-01
925.9764924308823542e-01
936.0167357508291230e-01
946.1203905809042392e-01
956.0895106546311384e-01
966.2106521443455265e-01
976.1667598541930468e-01
986.2512113545594539e-01
996.2943966515660732e-01
1006.4047442942879851e-01
1016.3856351398860578e-01
1026.2884695872309460e-01
1036.4071016419603510e-01
1046.5147626608983389e-01
1056.3996677826290227e-01
1066.4943111534072151e-01
1076.5199009359876459e-01
1086.4869259509145383e-01
1096.5062008918988279e-01
1106.4327970871769924e-01
1116.4971868696395529e-01
1126.4322453459126572e-01
1136.4055087267108946e-01
1146.3211024988859554e-01
1156.2281015492094272e-01
1166.1596441234579147e-01
1176.1642053929946095e-01
1186.1331107576082022e-01
1196.0402964872550524e-01
1206.1333283333263044e-01
1216.0255746748109640e-01
1225.9252196379100464e-01
1235.9165863237614058e-01
1245.9722126989961677e-01
1256.0807753970105105e-01
1266.1757701922450048e-01
1276.2100818482597253e-01
1286.1732503489481194e-01
1296.2222416367290467e-01
1306.1825313645262037e-01
1316.1263655591491439e-01
1326.0569828364162803e-01
1336.0680931535817551e-01
1346.0029012798275705e-01
1355.9182256685396073e-01
1365.9626832406533914e-01
1375.8736435610987581e-01
1385.9311107211304026e-01
1395.8519160973103013e-01
1405.8983462799998032e-01
1415.8014494554463492e-01
1425.8908978462576955e-01
1435.7907928114733631e-01
1445.7897935655192156e-01
1455.7173558146629144e-01
1465.6590305773854510e-01
1475.7153224888053467e-01
1485.7576489067904901e-01
1495.7840868979499627e-01
1505.8723406796680522e-01
1515.8942705451431765e-01
1525.9396506419283646e-01
1535.8537994241026403e-01
1545.7771323651803463e-01
1555.7760302344075298e-01
1565.6899464781062747e-01
1575.6033684236766579e-01
1585.5434714880048963e-01
1595.5327742723681073e-01
1605.5893839231992093e-01
1615.5993850097126785e-01
1625.6430148865779517e-01
1635.5566047618980596e-01
1645.4906145734555234e-01
1655.5785490738128107e-01
1665.5216292499929021e-01
1675.5885576337254972e-01
1685.5181736851561580e-01
1695.6034742549430672e-01
1705.5212286847934178e-01
1715.5831875576771839e-01
1725.5052031182903194e-01
1735.4162993330180642e-01
1745.4868497611042566e-01
1755.5001635646248759e-01
1765.4428397260276640e-01
1775.3832414506162019e-01
1785.3628339532495539e-01
1795.4300292960924190e-01
1805.4809227699014640e-01
1815.4549113792448045e-01
1825.4610632435048023e-01
1835.4715650827438067e-01
1845.4612700299878003e-01
1855.4891638300343737e-01
1865.4219597336668035e-01
1875.4246457224761813e-01
1885.4634444950760952e-01
1895.4299281458598458e-01
1905.5053856495278242e-01
1915.5148293549051886e-01
1925.5711501048539780e-01
1935.6067103576303445e-01
1945.6235175101186419e-01
1955.5488462777713399e-01
1965.5839750519109288e-01
1975.6317576976376160e-01
1985.6930179947997028e-01
1995.7458075540379328e-01
2005.7917341473939532e-01
2015.8593525042686267e-01
2025.8913078691839060e-01
2035.9465279792291992e-01
2046.0130051565143194e-01
2056.0324851803223978e-01
2066.0270738715422956e-01
2075.9734118726601582e-01
2086.0163298685385669e-01
2096.0672970103395507e-01
2106.0017853123144194e-01
2116.0183228681002277e-01
2125.9778653241564561e-01
2135.9915109850741544e-01
2145.9489063047391944e-01
2155.9724862704921711e-01
2165.9425488994448017e-01
2175.9145339796273566e-01
2185.8733794135220907e-01
2195.8110572659513071e-01
2205.8255168502253196e-01
2215.7842687757785316e-01
2225.8011592879242357e-01
2235.7990042199843816e-01
2245.8585799658245308e-01
2255.8254363233031570e-01
2265.8279043322254054e-01
2275.8532354024946276e-01
2285.7986090044337457e-01
2295.7913858335648749e-01
2305.8000154497952305e-01
2315.8542558282975254e-01
2325.8442268236095885e-01
2335.8195328620049613e-01
2345.8606055125016665e-01
2355.8485833565851486e-01
2365.7818391211459408e-01
2375.7589127478493563e-01
2385.7681376480223834e-01
2395.8067533851531317e-01
2405.7701283758017829e-01
2415.7887763054212427e-01
2425.7834032975121530e-01
2435.7779492703324731e-01
2445.7507800950431920e-01
2455.7736855550584620e-01
2465.7318277829667985e-01
2475.7436612115295971e-01
2485.6851219690793708e-01
2495.6720070703649506e-01
2505.6928370970174857e-01
2515.7108660125278032e-01
2525.7244308481394945e-01
2535.7034389325012103e-01
2545.6634201730324818e-01
2555.6736545090632662e-01
2565.6859243609425847e-01
2575.7101887812003005e-01
2585.6874796508244141e-01
2595.7126753017277254e-01
2605.6755741783698044e-01
2615.7213667321337824e-01
2625.7397687526395225e-01
2635.7544232819806818e-01
2645.7239821501039734e-01
2655.7249227049446072e-01
2665.6756910738789668e-01
2675.6462499397948951e-01
2685.6860830289476272e-01
2695.7042899612954556e-01
2705.6565415061859670e-01
2715.6110866259402126e-01
2725.5935753781633557e-01
2735.5998286385845697e-01
2745.6078451167373156e-01
2755.6238045807869375e-01
2765.5985854817912206e-01
2775.6262910117736198e-01
2785.6012014122866338e-01
2795.5807285124426409e-01
2805.5454135158343987e-01
2815.5951839164466954e-01
2825.5402625452250764e-01
2835.5730592643683752e-01
2845.5532399439500846e-01
2855.5184778082148001e-01
2865.5100037945835989e-01
2875.5561679237165573e-01
2885.5978753671777481e-01
2895.6233018989657590e-01
2905.6417465892814789e-01
2915.6004838685459346e-01
2925.6175149982793759e-01
2935.6035130978797631e-01
2945.6294474235283765e-01
2955.6723697652493332e-01
2965.7122880679480326e-01
2975.7464470767430098e-01
2985.7140980814877407e-01
2995.7411736905223010e-01
3005.7435073165425610e-01
3015.7208333838377878e-01
3025.7586715982701397e-01
3035.7967264402799268e-01
3045.8310114488499298e-01
3055.8281042565417163e-01
3065.8328685774146161e-01
3075.7972002833628744e-01
3085.7725903313642635e-01
3095.8054860546025999e-01
3105.8021521146178900e-01
3115.7960675886220936e-01
3125.8270682209852620e-01
3135.8240402774399180e-01
3145.8014528834949952e-01
3155.7684725160918493e-01
3165.7835259358657898e-01
3175.8025889723532642e-01
3185.7660139944316402e-01
3195.7733094514748851e-01
3205.7701823955088316e-01
3215.7993843446935456e-01
3225.8177948269971813e-01
3235.7853751070778370e-01
3245.7572071785528878e-01
3255.7547412009913934e-01
3265.7175725577683811e-01
3275.6821890136011655e-01
3285.6673447731241899e-01
3295.6493413239686829e-01
3305.6866368315078086e-01
3315.7215851783423888e-01
3325.7304444506165619e-01
3335.7585957674024535e-01
3345.7848988589581940e-01
3355.7822043328268535e-01
3365.7651416732684191e-01
3375.7534641454268776e-01
3385.7653324021223284e-01
3395.7727104357118897e-01
3405.7491647685148228e-01
3415.7162842253633483e-01
3425.6766937753444757e-01
3435.6404219231151043e-01
3445.6513980845569911e-01
3455.6376489564789800e-01
3465.6174479063509319e-01
3475.6010909227874162e-01
3485.5641178379117862e-01
3495.5562545536181163e-01
3505.5919076531821721e-01
3515.5973640671114999e-01
3525.5756779183107652e-01
3535.5875383180706006e-01
3545.6080631652947655e-01
3555.6052877928692790e-01
3565.5747059830707690e-01
3575.6052841112574459e-01
3585.6141239868776927e-01
3595.6138936739386269e-01
3605.5878420463240941e-01
3615.5909971054235164e-01
3625.5832484429099360e-01
3635.6089093874365603e-01
3645.5985323047995483e-01
3655.5758782700153220e-01
3665.5600436405810294e-01
3675.5772664155187557e-01
3685.5870010839527429e-01
3695.6248285574908730e-01
3705.6100243933293859e-01
3715.6405278531531211e-01
3725.6094571824710293e-01
3735.6006480161283445e-01
3745.5593688942900465e-01
3755.5805398034213782e-01
3765.6008883333278703e-01
3775.5828762742494931e-01
3785.5507523539852899e-01
3795.5782333357276248e-01
3805.5941594945288697e-01
3815.5571010018961131e-01
3825.5516456415841764e-01
3835.5883097871242260e-01
3845.6030206284310669e-01
3855.5789257374070689e-01
3865.5753969643145640e-01
3875.6022187715218930e-01
3885.5692686852961559e-01
3895.5369229531823771e-01
3905.5265382224853310e-01
3915.5099815852120759e-01
3925.5207050946228919e-01
3935.5429752069949501e-01
3945.5135541134257937e-01
3955.4781913146115924e-01
3965.4431521165075203e-01
3975.4388405702487641e-01
3985.4589089372193522e-01
3995.4722006272629753e-01
4005.4667121433381538e-01
4015.4370528572657739e-01
4025.4426549677018288e-01
4035.4474102789897894e-01
4045.4485230668609352e-01
4055.4544559918839086e-01
4065.4431334530745623e-01
4075.4276185394631382e-01
4085.4551530522633385e-01
4095.4523227016457498e-01
4105.4270599829431643e-01
4115.4340303319923167e-01
4125.4348516502765309e-01
4135.4424373881942445e-01
4145.4483394399415963e-01
4155.4280053359900982e-01
4165.4507607293999394e-01
4175.4187510061191924e-01
4185.3889576368214220e-01
4195.4183678437129923e-01
4205.3937752655811400e-01
4215.3915382711759241e-01
4225.3710955912893987e-01
4235.3933934322144517e-01
4245.3776657587371224e-01
4255.3666966433372232e-01
4265.3924751274711791e-01
4275.3806134263371153e-01
4285.4017971799334330e-01
4295.4119896841643012e-01
4305.3786823174427112e-01
4315.3609221891166858e-01
4325.3794101468670152e-01
4335.3872612163810429e-01
4345.4096018873702001e-01
4355.3954296910825028e-01
4365.3753261388865259e-01
4375.3537364169371160e-01
4385.3606303066597416e-01
4395.3331390774773302e-01
4405.3442868461890503e-01
4415.3627076654698747e-01
4425.3767826574885536e-01
4435.3556399669789923e-01
4445.3481624660293881e-01
4455.3349525300053990e-01
4465.3297626298525225e-01
4475.3109709428502549e-01
4485.3026260234614886e-01
4495.3041466329893550e-01
4505.2804523356943966e-01
4515.2835154836973308e-01
4525.2506700518937732e-01
4535.2421838933008968e-01
4545.2338641366804195e-01
4555.2205199082180809e-01
4565.2356552415840507e-01
4575.2194138630642550e-01
4585.2287377824233761e-01
4595.2316588153041355e-01
4605.2585198325903937e-01
4615.2700622861799862e-01
4625.2895936640965180e-01
4635.3017877311076966e-01
4645.2889789518808772e-01
4655.2977696881333758e-01
4665.2653284295290648e-01
4675.2668776087323643e-01
4685.2883528466544905e-01
4695.2953145746871488e-01
4705.3037942794496251e-01
4715.3043285723869960e-01
4725.2973729428459948e-01
4735.2880013931503533e-01
4745.3012461518456133e-01
4755.3196791093961693e-01
4765.3302141761246680e-01
4775.3076901926580677e-01
4785.2777301284772526e-01
4795.2498159067369543e-01
4805.2609030689396485e-01
4815.2408772670592896e-01
4825.2477815673638595e-01
4835.2597096264096665e-01
4845.2633774424166879e-01
4855.2319761783859242e-01
4865.2009870797860258e-01
4875.1885767664741622e-01
4885.1735327764722350e-01
4895.1827096894085845e-01
4905.2042279479436693e-01
4915.1843310201444903e-01
4925.1742828557250287e-01
4935.1841123332087868e-01
4945.2067564035642744e-01
4955.2156299225381508e-01
4965.2038985850946073e-01
4975.2267286206725738e-01
4985.2073736302678764e-01
4995.1863451770866931e-01
5005.1861801458272117e-01
5015.2055065711093595e-01
5025.2155944499712514e-01
5035.2392714013437736e-01
5045.2204104444661503e-01
5055.2137079262801034e-01
5065.2255029737869396e-01
5075.2468880172453147e-01
5085.2492010582291604e-01
5095.2627955187807107e-01
5105.2877205039125674e-01
5115.2714892829403281e-01
5125.2959537059100836e-01
5135.2983851566508433e-01
5145.3231015292518868e-01
5155.3221483348325493e-01
5165.3245803193065488e-01
5175.3494338872506220e-01
5185.3661133023335383e-01
5195.3835661899378084e-01
5205.3882803282932534e-01
5215.3965869443076642e-01
5225.4242927133443675e-01
5235.4484825021535344e-01
5245.4375812808002821e-01
5255.4581369001822178e-01
5265.4623508995016468e-01
5275.4693163229629149e-01
5285.4831617612218109e-01
5295.4978677767115702e-01
5305.5136214310129594e-01
5315.4992521576156395e-01
5325.5041997346756077e-01
5335.5015969702620637e-01
5345.4819472347998055e-01
5355.4976159545525349e-01
5365.5171214566461657e-01
5375.5369976554199263e-01
5385.5451676082829437e-01
5395.5392850670798355e-01
5405.5445075422577494e-01
5415.5488743863899537e-01
5425.5559208256897996e-01
5435.5570272247081220e-01
5445.5366103697725022e-01
5455.5399755712233667e-01
5465.5133252531367516e-01
5475.5234056648552343e-01
5485.5234441948334478e-01
5495.5406661048540284e-01
5505.5405039345399254e-01
5515.5184330348651067e-01
5525.5169400403344904e-01
5535.5165666782355027e-01
5545.4911847717049034e-01
5555.5072917226874418e-01
5565.5001558603119982e-01
5575.5066720813930992e-01
5585.5031900017071511e-01
5595.4831833289878751e-01
5605.4776639568715035e-01
5615.4632848342622531e-01
5625.4574836107540237e-01
5635.4309582368403198e-01
5645.4417684216603524e-01
5655.4449009296858264e-01
5665.4607021831666802e-01
5675.4642643795598733e-01
5685.4606341177194673e-01
5695.4586309693255874e-01
5705.4838876613757448e-01
5715.4598558043565104e-01
5725.4367228622149477e-01
5735.4433306581357266e-01
5745.4476426131041333e-01
5755.4323911842798023e-01
5765.4170461215837351e-01
5775.4230950792689159e-01
5785.4443447097826891e-01
5795.4559056950235851e-01
5805.4531982153564684e-01
5815.4492458155612888e-01
5825.4665453818197340e-01
5835.4890382157377615e-01
5845.5112613090908680e-01
5855.5308533134142335e-01
5865.5436170622122882e-01
5875.5341851369988482e-01
5885.5351512759270394e-01
5895.5199372359436460e-01
5905.5179145235564941e-01
5915.5398717067392500e-01
5925.5372453320636605e-01
5935.5557820754331344e-01
5945.5784462602925133e-01
5955.5615294772670776e-01
5965.5584751821579814e-01
5975.5716213179797980e-01
5985.5840323657962798e-01
5995.6033302170160759e-01
6005.5902039348800736e-01
6015.6022807558472965e-01
6025.6243785329369467e-01
6035.6149771984458374e-01
6045.6091102879302523e-01
6055.6111176020987119e-01
6065.6128046108211249e-01
6075.6178329365337398e-01
6085.6015714186312349e-01
6095.5994979456780491e-01
6105.5916350858796748e-01
6115.5982222584721897e-01
6125.6176625494297494e-01
6135.6024962921430388e-01
6145.6067206712795592e-01
6155.6235601580652517e-01
6165.6035435517322996e-01
6175.5964173469337719e-01
6185.5808407525090142e-01
6195.5870035388502148e-01
6205.5905418507500515e-01
6215.5981200746940252e-01
6225.6018051151982273e-01
6235.5795964630094164e-01
6245.5815941498573973e-01
6255.5837172362356113e-01
6265.5704505556054074e-01
6275.5465221219415939e-01
6285.5381920570819010e-01
6295.5139218043043370e-01
6305.5332818774639314e-01
6315.5372589304718645e-01
6325.5492578505346379e-01
6335.5667407140325231e-01
6345.5863486563987763e-01
6355.5699795083465076e-01
6365.5666296125638459e-01
6375.5651617812225340e-01
6385.5781582956337161e-01
6395.5837797628430286e-01
6405.6046964310859138e-01
6415.5876221643139490e-01
6425.5770287861488044e-01
6435.5939636212384924e-01
6445.5868003831261692e-01
6455.6044688142597054e-01
6465.6150333095616700e-01
6475.6129608762143868e-01
6485.6015050934444999e-01
6495.6212242146745739e-01
6505.6028373688329380e-01
6515.6187629190468302e-01
6525.6234823527472499e-01
6535.6325734818945261e-01
6545.6510805336953684e-01
6555.6356162683521693e-01
6565.6246908057604594e-01
6575.6085420534250152e-01
6585.5940751344719275e-01
6595.5989153151453330e-01
6605.5832914488820329e-01
6615.5654651036902936e-01
6625.5522643354425971e-01
6635.5716541931440600e-01
6645.5488293942204514e-01
6655.5327029330020494e-01
6665.5147854806022267e-01
6675.5122976965419701e-01
6685.5182019720443498e-01
6695.5360471374228726e-01
6705.5173749914578041e-01
6715.5217109469943071e-01
6725.5017630274698548e-01
6735.4962810359329262e-01
6745.4953858547094347e-01
6755.4918335013001840e-01
6765.4819274179955613e-01
6775.4698744405046640e-01
6785.4874287794586463e-01
6795.4896342375576801e-01
6805.4752690054648756e-01
6815.4540740299134527e-01
6825.4504101462724941e-01
6835.4635385503133416e-01
6845.4739741377468520e-01
6855.4669924101478862e-01
6865.4880887723109939e-01
6875.4671017335580763e-01
6885.4674496253026561e-01
6895.4537499977221937e-01
6905.4601268054954533e-01
6915.4681347476715314e-01
6925.4599849626308306e-01
6935.4761758990267262e-01
6945.4818317764441349e-01
6955.4742960058612578e-01
6965.4542252307881822e-01
6975.4650527906599744e-01
6985.4774236387159869e-01
6995.4852690845649366e-01
7005.4923724888123215e-01
7015.5089676979218372e-01
7025.5002486434085773e-01
7035.5103113922775071e-01
7045.5009757181374830e-01
7055.5134298239570234e-01
7065.4994899918944229e-01
7075.5026495788720475e-01
7085.4830175624662980e-01
7095.4654725794798797e-01
7105.4503356502127365e-01
7115.4389068495486570e-01
7125.4229605130942515e-01
7135.4261170315703999e-01
7145.4069509971903618e-01
7155.4227267239758958e-01
7165.4408025929829307e-01
7175.4216113276151634e-01
7185.4387909619748953e-01
7195.4368893058008994e-01
7205.4261562255798668e-01
7215.4291856013352402e-01
7225.4148309329235123e-01
7235.4177669275669571e-01
7245.4162101224407899e-01
7255.4286932393046594e-01
7265.4457088495555872e-01
7275.4461902356926806e-01
7285.4489667659955798e-01
7295.4577911339451957e-01
7305.4458723335485359e-01
7315.4355840763944863e-01
7325.4404638045167319e-01
7335.4414253249389422e-01
7345.4210685022050120e-01
7355.4381086020109637e-01
7365.4312991862214655e-01
7375.4187349075780111e-01
7385.4190873803735484e-01
7395.4145007405415713e-01
7405.4061231050341663e-01
7415.4128585834949328e-01
7425.4181701203589072e-01
7435.4153195088363160e-01
7445.4054476691968589e-01
7455.4130854406755036e-01
7465.4058115478514757e-01
7475.3938033928156948e-01
7485.4036729775112369e-01
7495.3934455772447110e-01
7505.4002639430390054e-01
7515.3804038369600837e-01
7525.3936661807102138e-01
7535.4071836690904573e-01
7545.4106527614894118e-01
7555.4030152430494394e-01
7565.4091472397726659e-01
7575.4096700381420704e-01
7585.4229026672797476e-01
7595.4124723726746526e-01
7605.4023070624378533e-01
7615.3849545824016876e-01
7625.3850156202409905e-01
7635.3998378562151905e-01
7645.4036892831610905e-01
7655.4043785558029522e-01
7665.4164354030070805e-01
7675.4338438400615985e-01
7685.4425268671971705e-01
7695.4358640017584869e-01
7705.4298411487281051e-01
7715.4115371512994992e-01
7725.3925013466674299e-01
7735.3727856736328783e-01
7745.3718100137061520e-01
7755.3633129256786893e-01
7765.3708961223102192e-01
7775.3827796360322111e-01
7785.3825733467089243e-01
7795.3808295121725302e-01
7805.3641204185186953e-01
7815.3517841650398112e-01
7825.3507070120418398e-01
7835.3664805954226802e-01
7845.3485410045721071e-01
7855.3322146209465737e-01
7865.3220537233684995e-01
7875.3297012359796603e-01
7885.3335179037816405e-01
7895.3176145249873819e-01
7905.3347402726903914e-01
7915.3482539664930806e-01
7925.3351662996212423e-01
7935.3338337073295961e-01
7945.3431342363193612e-01
7955.3531745075276149e-01
7965.3341496695188628e-01
7975.3366894782464402e-01
7985.3451571060390302e-01
7995.3538763238446663e-01
8005.3692804291526697e-01
8015.3537034543486439e-01
8025.3640221174703850e-01
8035.3802475650770099e-01
8045.3649044831578674e-01
8055.3560622367866928e-01
8065.3459177716517370e-01
8075.3570037263508474e-01
8085.3415263485195463e-01
8095.3502536458397043e-01
8105.3415698875642492e-01
8115.3290636594671803e-01
8125.3448301036452228e-01
8135.3540318624074268e-01
8145.3387326115765954e-01
8155.3560265073913627e-01
8165.3682840604899573e-01
8175.3620146685073400e-01
8185.3686306699333619e-01
8195.3665876841163684e-01
8205.3637405562818030e-01
8215.3689258406607399e-01
8225.3620530565996727e-01
8235.3652762784795882e-01
8245.3513612340029926e-01
8255.3357086156026212e-01
8265.3308710924562264e-01
8275.3173013367003252e-01
8285.3227107895461756e-01
8295.3083694869525666e-01
8305.3217575902562841e-01
8315.3243469178845459e-01
8325.3135314703444714e-01
8335.3192172266742532e-01
8345.3198734954611337e-01
8355.3127482628517531e-01
8365.3282792609194130e-01
8375.3375001563459656e-01
8385.3235682796444339e-01
8395.3066724236163776e-01
8405.3068407643019544e-01
8415.3028837561674502e-01
8425.2922472718643365e-01
8435.2902155371617321e-01
8445.2777921264382355e-01
8455.2706555744058314e-01
8465.2679866583654122e-01
8475.2501531991564887e-01
8485.2551572596335649e-01
8495.2416490136731075e-01
8505.2400217466078358e-01
8515.2250811092199534e-01
8525.2346849054187494e-01
8535.2444660126230125e-01
8545.2506672280570499e-01
8555.2647679624269583e-01
8565.2773277199688917e-01
8575.2616951537565604e-01
8585.2455573717389936e-01
8595.2462170822461851e-01
8605.2346679803080454e-01
8615.2493036428300122e-01
8625.2354247958346056e-01
8635.2312584681221519e-01
8645.2343307845835918e-01
8655.2388602090265257e-01
8665.2455245601253253e-01
8675.2466051575625750e-01
8685.2430934599694101e-01
8695.2539446478647833e-01
8705.2563313179365778e-01
8715.2705565750298733e-01
8725.2606726485106448e-01
8735.2703137011437839e-01
8745.2656863687051725e-01
8755.2613331609132374e-01
8765.2472502660290088e-01
8775.2575028629525533e-01
8785.2533595524698851e-01
8795.2615108086400519e-01
8805.2760152670474869e-01
8815.2875954407141312e-01
8825.2985435785994517e-01
8835.3054908108590293e-01
8845.3097336013648644e-01
8855.3099306899903143e-01
8865.3138018119701957e-01
8875.3135292485095409e-01
8885.3158387600662738e-01
8895.3212823868387749e-01
8905.3050610433769518e-01
8915.3133363563925817e-01
8925.3163384415968196e-01
8935.3038565667894388e-01
8945.2915684150439490e-01
8955.2810492729594050e-01
8965.2900238911595598e-01
8975.3012149873421099e-01
8985.3087407376764706e-01
8995.2978531048348110e-01
9005.3030790601560895e-01
9015.2965159162313369e-01
9025.2830688798044967e-01
9035.2956601496587752e-01
9045.2821328684835178e-01
9055.2811507484178100e-01
9065.2732351461513560e-01
9075.2630019378573911e-01
9085.2556991735679293e-01
9095.2606206171109571e-01
9105.2750705163773959e-01
9115.2656110823926128e-01
9125.2655472978960649e-01
9135.2744063720551460e-01
9145.2884283298909907e-01
9155.2763792904327367e-01
9165.2693505346855996e-01
9175.2710526830493143e-01
9185.2754802893291719e-01
9195.2873703157291541e-01
9205.2783464822675596e-01
9215.2837118845167519e-01
9225.2876132593461767e-01
9235.2981105796541506e-01
9245.3079501852956279e-01
9255.3164810806451113e-01
9265.3008623928031762e-01
9275.3034636344060937e-01
9285.3069377744018575e-01
9295.3151250479779710e-01
9305.3236388621045549e-01
9315.3163403009535204e-01
9325.3023770616784571e-01
9335.3142719000313454e-01
9345.3034232834089767e-01
9355.2927988727077813e-01
9365.2879920100659694e-01
9375.2858610464156841e-01
9385.2816770948750658e-01
9395.2860902901062623e-01
9405.2730418647167121e-01
9415.2671952138901457e-01
9425.2786771654393150e-01
9435.2818047718868566e-01
9445.2689270395311327e-01
9455.2783500473128520e-01
9465.2859750126656491e-01
9475.2824663426080387e-01
9485.2779530764000848e-01
9495.2743168376526106e-01
9505.2668340609867148e-01
9515.2696968364310315e-01
9525.2558074956835732e-01
9535.2681796373274503e-01
9545.2657664232402801e-01
9555.2774639983334637e-01
9565.2826606749585292e-01
9575.2811318231949145e-01
9585.2799502283856703e-01
9595.2731650377287520e-01
9605.2642684746163482e-01
9615.2560664638911181e-01
9625.2581928301790282e-01
9635.2517306006153819e-01
9645.2398329520655984e-01
9655.2473391301542338e-01
9665.2464667967256873e-01
9675.2457734213811880e-01
9685.2359891243315682e-01
9695.2468559875051102e-01
9705.2352629815814911e-01
9715.2286305215605811e-01
9725.2186600405326800e-01
9735.2031062622945190e-01
9745.2152418352765051e-01
9755.2085211240654472e-01
9765.2177936466924879e-01
9775.2221917305790233e-01
9785.2277169055708694e-01
9795.2175378210621715e-01
9805.2033789907293693e-01
9815.2172302780758795e-01
9825.2254120463202591e-01
9835.2133708626920250e-01
9845.2241681995652900e-01
9855.2150245771071058e-01
9865.2298428880603409e-01
9875.2307077252395218e-01
9885.2355726461951524e-01
9895.2342980966630703e-01
9905.2440173809960178e-01
9915.2556477510245025e-01
9925.2617984884999192e-01
9935.2586728308127817e-01
9945.2491618720550637e-01
9955.2591019874854217e-01
9965.2484415589827271e-01
9975.2534174900808583e-01
9985.2478685242229184e-01
9995.2430317079585809e-01
10005.2437641006399671e-01
